(* Test case generator for L and U - check by trying A | [L,U] | MatMul *)

DEF A AS
   #<
       < 2.3  4.7 -2.7  5.7  7.4 2.1 12.7  1.1 32.1  4.5  1.1  8.3>
       < 1.7 -1.7  5.2  3.2  1.2 3.5  2.4  2.9  1.9  1.7 -4.5 -9.9>
       < 6.1  3.4  1.2 10.6  2.9 1.7  1.1 -0.3  1.2  3.2  1.6  1.3>
       <23.3 -9.7  2.4  5.2  7.6 1.1 86.2  1.7  3.2  9.7  1.2 87.1>
       < 1.2  3.4  4.5  6.7  9.8 0.1  2.1  5.7 -9.1 -5.2  0.2  1.7>
       <12.3  1.2  8.7 12.3 -4.7 -.1  3.2  2.1  4.3  1.8  1.9  2.3>
       < 5.7  4.7 -2.8  5.7  7.4 2.1 12.7  1.1 32.1  4.5  1.1  8.3>
       < 1.7 -6.7  5.6  7.4  1.2 3.5  2.7  2.8  1.9  1.7 -4.5 -9.9>
       < 3.1 -3.4 -9.2 10.6  8.9 1.7 -1.1 -0.3  3.2  3.2  1.6  1.3>
       <13.3 -9.7  5.2  7.6 1.1 86.2  1.3  3.2  9.7  1.2 87.1 -9.2>
       < 1.2  3.4 -4.5 -6.7  9.8 0.1 -2.1  5.8 -9.1 -5.2  0.2  1.7>
       <12.3  1.2 -8.7 12.3 -4.7 -.1 -3.2  1.8  1.9  2.3  3.1  4.3> 
   >;

