478399930 43 40 18 1 1|40 28927 4.67015e+07 0 3866|40 208 1722 1 15|
  1    0   0   0|78 13 83 59 29 51 28 16|1 1057 1.11725e+06 1057 1057|1 7 49 7 7|
 33   33  30  15|88 71 35 72 56 41 47  0|1 775 600625 775 775|1 8 64 8 8|
  3    0   0   0|63 42 86 51 32 20 61 31|1 672 451584 672 672|1 6 36 6 6|
 32   32  24  30|67 71 35 83  9  9 59 60|1 996 992016 996 996|1 6 36 6 6|
  5    0   0   0|24  1 91 18 14 10 83 60|1 1315 1.72923e+06 1315 1315|1 10 100 10 10|
 39   42  14  33|88 71 35 72  9  9 59 56|1 1352 1.8279e+06 1352 1352|1 10 100 10 10|
 30   30  14   5|88 71 35 83  9  9 59 60|1 1428 2.03918e+06 1428 1428|1 10 100 10 10|
 31   31  24   5|67  1 91 18 14 10 83 60|1 709 502681 709 709|1 8 64 8 8|
 24   24  11   0|67 32 99 33 20 20  4 42|1 1944 3.77914e+06 1944 1944|1 10 100 10 10|
 23   23   3   1|78 13 83 59 29 51 28 31|1 1447 2.09381e+06 1447 1447|1 9 81 9 9|
 11    0   0   0|67 32 99 33 20 28  4 42|1 3866 1.4946e+07 3866 3866|1 15 225 15 15|
 38   41  30   0|75 58 22 70 96 96 46 47|1 1079 1.16424e+06 1079 1079|1 12 144 12 12|
 29   29  24   3|63 42 99 33 20 20  4 42|1 1349 1.8198e+06 1349 1349|1 7 49 7 7|
 14    0   0   0|88 71 35 83  9  9 59 56|1 2286 5.2258e+06 2286 2286|1 13 169 13 13|
 15    0   0   0|53 48 72 72 56 41 47  0|1 1418 2.01072e+06 1418 1418|1 10 100 10 10|
 16    0   0   0|76 82 58  5 59 36 66 86|1 1541 2.37468e+06 1541 1541|1 8 64 8 8|
 40   43   1  11|67 13 83 59 29 51 28 16|1 1602 2.5664e+06 1602 1602|1 8 64 8 8|
 37   40  11  24|67 28 99 33 20 28  2 42|1 391 152881 391 391|1 3 9 3 3|
 19    0   0   0|66 91 78 37  9 13 60 49|1 494 244036 494 494|1 3 9 3 3|
 20    0   0   0|24 55 25 81 49 87 75 48|1 757 573049 757 757|1 8 64 8 8|
