Count 43, sum 29115, start 478399910, saved 43
it|71 81|70 50|4 5|56 79 133 1 3|50 129 785 0 17|3 3 3 1 1|
aquator|176 128|10 304|6 6|27 121 801 2 19|304 4 16 0 0.352005|3 6 14 1 3|
bat|397 193|165 183|39 34|147 178 312 1 10|183 268 452 0 2|28 33 45 1 3|
centaur|67 99|4 152|13 17|26 75 247 1 6|152 825 5509 0 12|5 16 60 1 5|
dragon|0 0|0 0|0 0|0 0 0 0 0|0 0 0 0 0|0 0 0 0 0|
emu|171 183|116 138|31 30|137 159 217 1 5|138 208 356 0 2|23 30 46 1 3|
venus flytrap|1 4|0 5|0 0|1 4 16 4 4|5 15 55 1 5|0 0 0 0 0|
griffin|0 0|0 0|0 0|0 0 0 0 0|0 0 0 0 0|0 0 0 0 0|
hobgoblin|264 229|175 207|16 11|180 212 278 1 3|207 880 4876 0 8|10 11 13 1 2|
ice monster|1 6|0 3|20 53|4 4 4 1 1|3 0 0 0 0|33 51 91 1 3|
jabberwock|0 0|0 0|0 0|0 0 0 0 0|0 0 0 0 0|0 0 0 0 0|
kestrel|175 180|116 138|20 17|146 169 215 1 2|138 324 958 0 5|15 17 21 1 2|
leprechaun|2 5|4 3|25 57|3 5 11 1 3|3 0 0 0 0|17 54 186 2 5|
medusa|0 0|0 0|0 0|0 0 0 0 0|0 0 0 0 0|0 0 0 0 0|
nymph|0 0|0 0|0 0|0 0 0 0 0|0 0 0 0 0|0 0 0 0 0|
orc|65 128|59 75|10 8|101 124 200 1 7|75 350 2088 1 11|7 9 13 1 2|
phantom|0 0|0 0|0 0|0 0 0 0 0|0 0 0 0 0|0 0 0 0 0|
quagga|91 112|15 172|0 2|39 100 278 1 4|172 748 4154 0 10|0 0 0 0 0|
rattlesnake|237 207|147 236|30 15|99 186 396 1 3|236 416 1828 0 6|12 19 37 1 3|
snake|235 223|162 214|48 18|172 207 283 1 3|214 431 1023 0 3|17 20 26 1 2|
troll|2 15|0 19|0 0|3 13 57 4 5|19 258 3914 4 23|0 0 0 0 0|
black unicorn|0 0|0 0|0 0|0 0 0 0 0|0 0 0 0 0|0 0 0 0 0|
vampire|0 0|0 0|0 0|0 0 0 0 0|0 0 0 0 0|0 0 0 0 0|
wraith|1 3|2 3|0 0|1 3 9 3 3|3 12 90 0 9|0 0 0 0 0|
xeroc|0 0|0 0|0 0|0 0 0 0 0|0 0 0 0 0|0 0 0 0 0|
yeti|17 44|6 39|0 0|13 40 140 1 5|39 198 1276 0 12|1 1 1 1 1|
zombie|33 136|53 90|6 8|74 134 290 1 5|90 367 2013 0 8|4 8 28 1 5|
